Логистическая регрессия (стандартные параметры

ТОЛЬКО на 3х классах самых больших (116, 68, 32 эелемента соотв.)

( размер теста - 30%)
             precision    recall  f1-score   support

          2       0.82      0.87      0.85        38
          3       0.78      0.78      0.78        23
          7       1.00      0.50      0.67         4

avg / total       0.82      0.82      0.81        65

pict1.png

больше размеченных данных:
            precision    recall  f1-score   support

          0       1.00      0.50      0.67         2
          1       0.33      0.25      0.29         8
          2       0.65      0.75      0.70        32
          3       0.73      0.73      0.73        26
          4       1.00      1.00      1.00         3
          5       1.00      0.92      0.96        12
          6       0.33      1.00      0.50         1
          7       0.92      0.92      0.92        12
          8       1.00      0.33      0.50         3
          9       0.83      0.71      0.77         7

avg / total       0.75      0.74      0.73       106

pict2.png

больше данных (добавлено 1700-2699.txt)
             precision    recall  f1-score   support

          0       0.00      0.00      0.00         2
          1       0.67      0.31      0.42        13
          2       0.67      0.78      0.72        36
          3       0.67      0.85      0.75        26
          4       1.00      1.00      1.00         4
          5       0.88      1.00      0.94        22
          6       1.00      0.40      0.57         5
          7       1.00      0.84      0.91        19
          8       1.00      0.80      0.89         5
          9       1.00      1.00      1.00         8

avg / total       0.79      0.79      0.77       140