(мульти)вакансии - 495

обычный w2v
0.657718120805
             precision    recall  f1-score   support

          0       0.00      0.00      0.00         3
          1       0.85      0.37      0.51        30
          2       0.84      0.80      0.82        60
          3       1.00      0.67      0.80         6
          4       0.00      0.00      0.00         3
          5       0.00      0.00      0.00         3
          6       1.00      0.25      0.40         4
          7       0.00      0.00      0.00         0
          8       0.86      1.00      0.93        19
          9       1.00      0.50      0.67         8
         10       1.00      0.76      0.86        21
         11       1.00      0.60      0.75         5

avg / total       0.84      0.65      0.72       162

взвешенный по тфидф

0.750559284116
             precision    recall  f1-score   support

          0       0.67      0.67      0.67         3
          1       0.65      0.63      0.64        27
          2       0.90      0.85      0.87        52
          3       0.80      0.80      0.80         5
          4       0.50      0.40      0.44         5
          5       0.00      0.00      0.00         1
          6       1.00      0.75      0.86         4
          7       1.00      1.00      1.00         1
          8       0.95      0.91      0.93        23
          9       0.60      0.75      0.67         8
         10       0.91      0.91      0.91        22
         11       1.00      0.50      0.67         4

avg / total       0.83      0.79      0.80       155


================================================================
================================================================

на 930 вакансиях: (кол-во слов для w2v 155266)


0.694630872483
             precision    recall  f1-score   support

          0       1.00      0.33      0.50         6
          1       0.77      0.42      0.54        24
          2       0.78      0.80      0.79        45
          3       1.00      0.50      0.67         8
          4       0.50      0.12      0.20         8
          5       0.00      0.00      0.00         2
          6       1.00      0.25      0.40         4
          7       0.00      0.00      0.00         2
          8       0.95      1.00      0.98        20
          9       1.00      0.75      0.86         8
         10       1.00      0.85      0.92        33
         11       1.00      1.00      1.00         2

avg / total       0.85      0.68      0.73       162

TF-IDF & W2V
0.655913978495
             precision    recall  f1-score   support

          0       0.85      0.61      0.71        18
          1       0.72      0.51      0.60        35
          2       0.81      0.73      0.77        48
          3       0.60      0.65      0.63        23
          4       0.81      0.90      0.85        29
          5       0.53      0.48      0.50        21
          6       1.00      0.86      0.92        21
          7       1.00      0.50      0.67         4
          8       0.79      0.92      0.85        24
          9       1.00      0.62      0.77        16
         10       0.83      0.75      0.79        32
         11       0.94      0.67      0.78        24

avg / total       0.80      0.70      0.74       295

без Информ. безопасности

0.763888888889
             precision    recall  f1-score   support

          0       0.88      0.92      0.90        24
          1       0.64      0.58      0.61        24
          2       0.77      0.74      0.76        50
          3       0.68      0.62      0.65        24
          4       0.84      0.91      0.88        35
          5       0.76      0.68      0.72        19
          6       1.00      1.00      1.00        23
          7       0.96      0.73      0.83        30
          8       0.74      0.88      0.80        16
          9       1.00      0.90      0.95        20
         10       0.89      0.86      0.87        28

avg / total       0.83      0.80      0.81       293
